1101 1101 2230 1338.76
1102 1102 2231 2276.95
1103 1103 2232 2857.40
1104 1104 2233 3161.42
1105 1105 2234 3276.80
1106 1106 2235 3284.58
1107 1107 2236 3265.12
1108 1108 2237 3297.19
1109 1109 2238 3456.79
1110 1110 2239 3702.04
1111 1111 2240 4090.05
1201 1201 2330 1338.76
1202 1202 2331 2276.95
1203 1203 2332 2857.40
1204 1204 2333 3161.42
1205 1205 2334 3276.80
1206 1206 2335 3284.58
1207 1207 2336 3265.12
1208 1208 2337 3297.19
1209 1209 2338 3456.79
1210 1210 2339 3702.04
1211 1211 2340 4090.05
1301 1301 2230 1195.92
1302 1302 2231 1876.18
1303 1303 2232 2452.62
1304 1304 2233 2934.60
1305 1305 2234 3331.45
1306 1306 2235 3652.51
1307 1307 2236 3907.13
1308 1308 2237 4106.35
1309 1309 2238 4255.67
1310 1310 2239 4365.70
1311 1311 2240 4447.22
1401 1401 2330 1195.92
1402 1402 2331 1876.18
1403 1403 2332 2452.62
1404 1404 2333 2934.60
1405 1405 2334 3331.45
1406 1406 2335 3652.51
1407 1407 2336 3907.13
1408 1408 2337 4106.35
1409 1409 2338 4255.67
1410 1410 2339 4365.70
1411 1411 2340 4447.22
1501 1501 3241 1996.69
1502 1502 3242 1921.54
1503 1503 3243 1929.32
1504 1504 3244 2010.60
1505 1505 3245 2153.29
1506 1506 3246 2348.78
1507 1507 3247 2591.85
1508 1508 3248 2865.30
1509 1509 3249 3168.25
1510 1510 3250 3481.60
1511 1511 3251 3800.61
1512 1512 3252 4120.92
1513 1513 3253 4422.88
1514 1514 3254 4702.25
1515 1515 3255 4953.36
1516 1516 3256 5161.65
1517 1517 3257 5315.30
1601 1601 3341 1996.69
1602 1602 3342 1921.54
1603 1603 3343 1929.32
1604 1604 3344 2010.60
1605 1605 3345 2153.29
1606 1606 3346 2348.78
1607 1607 3347 2591.85
1608 1608 3348 2865.30
1609 1609 3349 3168.25
1610 1610 3350 3481.60
1611 1611 3351 3800.61
1612 1612 3352 4120.92
1613 1613 3353 4422.88
1614 1614 3354 4702.25
1615 1615 3355 4953.36
1616 1616 3356 5161.65
1617 1617 3357 5315.30
1701 1701 3241 1259.22
1702 1702 3242 1456.56
1703 1703 3243 1562.10
1704 1704 3244 1602.30
1705 1705 3245 1599.91
1706 1706 3246 1577.65
1707 1707 3247 1558.10
1708 1708 3248 1564.86
1709 1709 3249 1620.30
1710 1710 3250 1749.74
1711 1711 3251 1972.33
1712 1712 3252 2312.14
1713 1713 3253 2791.91
1714 1714 3254 3434.36
1715 1715 3255 4248.19
1716 1716 3256 4800.08
1717 1717 3257 5403.55
1801 1801 3341 1259.22
1802 1802 3342 1456.56
1803 1803 3343 1562.10
1804 1804 3344 1602.30
1805 1805 3345 1599.91
1806 1806 3346 1577.65
1807 1807 3347 1558.10
1808 1808 3348 1564.86
1809 1809 3349 1620.30
1810 1810 3350 1749.74
1811 1811 3351 1972.33
1812 1812 3352 2312.14
1813 1813 3353 2791.91
1814 1814 3354 3434.36
1815 1815 3355 4248.19
1816 1816 3356 4800.08
1817 1817 3357 5403.55
