1101 -168.734 -3.326 68.306 0.000
1102 -176.560 -1.540 68.309 0.000
1103 -184.361 0.348 68.301 0.000
1104 -192.138 2.337 68.294 0.000
1105 -199.888 4.427 68.256 0.000
1106 -207.610 6.618 68.217 0.000
1107 -215.303 8.909 68.169 0.000
1108 -222.965 11.299 68.111 0.000
1109 -230.596 13.789 68.042 0.000
1110 -236.249 15.705 67.985 0.000
1111 -241.883 17.675 67.923 0.000
1201 -161.189 30.749 68.306 0.000
1202 -168.572 32.434 68.309 0.000
1203 -175.933 34.215 68.301 0.000
1204 -183.270 36.092 68.294 0.000
1205 -190.582 38.064 68.256 0.000
1206 -197.867 40.130 68.217 0.000
1207 -205.125 42.292 68.169 0.000
1208 -212.355 44.547 68.111 0.000
1209 -219.554 46.896 68.042 0.000
1210 -224.888 48.704 67.985 0.000
1211 -230.203 50.563 67.923 0.000
1301 -132.345 -10.246 68.162 0.000
1302 -120.131 -12.066 68.075 0.000
1303 -107.883 -13.641 67.985 0.000
1304 -95.606 -14.971 67.895 0.000
1305 -83.305 -16.055 67.805 0.000
1306 -70.985 -16.893 67.715 0.000
1307 -58.650 -17.485 67.625 0.000
1308 -46.338 -17.835 67.535 0.000
1309 -34.045 -17.969 67.445 0.000
1310 -21.796 -17.919 67.355 0.000
1311 -9.610 -17.714 67.265 0.000
1401 -126.856 24.220 68.162 0.000
1402 -115.333 22.503 68.075 0.000
1403 -103.777 21.017 67.985 0.000
1404 -92.194 19.762 67.895 0.000
1405 -80.588 18.739 67.805 0.000
1406 -68.964 17.948 67.715 0.000
1407 -57.327 17.390 67.625 0.000
1408 -45.649 17.058 67.535 0.000
1409 -33.944 16.931 67.445 0.000
1410 -22.193 16.979 67.355 0.000
1411 -10.383 17.177 67.265 0.000
1501 198.586 -8.879 64.669 0.000
1502 186.594 -9.498 64.925 0.000
1503 174.609 -9.940 65.165 0.000
1504 162.621 -10.471 65.393 0.000
1505 150.633 -11.001 65.606 0.000
1506 138.645 -11.532 65.803 0.000
1507 126.656 -12.063 65.986 0.000
1508 114.668 -12.593 66.154 0.000
1509 102.680 -13.124 66.308 0.000
1510 90.692 -13.654 66.449 0.000
1511 78.703 -14.185 66.575 0.000
1512 66.715 -14.716 66.687 0.000
1513 54.727 -15.246 66.785 0.000
1514 42.738 -15.777 66.875 0.000
1515 30.731 -16.304 66.965 0.000
1516 18.678 -16.806 67.055 0.000
1517 6.588 -17.254 67.145 0.000
1601 197.043 25.987 64.669 0.000
1602 185.051 25.456 64.925 0.000
1603 173.066 24.926 65.165 0.000
1604 161.078 24.395 65.393 0.000
1605 149.090 23.864 65.606 0.000
1606 137.101 23.334 65.803 0.000
1607 125.113 22.803 65.986 0.000
1608 113.125 22.273 66.154 0.000
1609 101.137 21.742 66.308 0.000
1610 89.148 21.211 66.449 0.000
1611 77.160 20.681 66.575 0.000
1612 65.172 20.150 66.687 0.000
1613 53.184 19.620 66.785 0.000
1614 41.195 19.089 66.875 0.000
1615 29.226 18.563 66.965 0.000
1616 17.299 18.066 67.055 0.000
1617 5.406 17.626 67.145 0.000
1701 234.551 -7.287 63.818 0.000
1702 242.343 -6.942 63.615 0.000
1703 250.135 -6.597 63.407 0.000
1704 257.928 -6.253 63.193 0.000
1705 265.655 -5.910 62.973 0.000
1706 273.448 -5.566 62.748 0.000
1707 281.240 -5.221 62.514 0.000
1708 289.033 -4.876 62.278 0.000
1709 296.825 -4.531 62.032 0.000
1710 304.617 -4.186 61.782 0.000
1711 312.410 -3.841 61.525 0.000
1712 320.202 -3.496 61.262 0.000
1713 327.995 -3.158 60.995 0.000
1714 335.656 -2.877 60.723 0.000
1715 343.319 -2.655 60.450 0.000
1716 347.643 -2.555 60.310 0.000
1717 351.967 -2.474 60.170 0.000
1801 233.008 27.579 63.818 0.000
1802 240.800 27.923 63.615 0.000
1803 248.592 28.268 63.407 0.000
1804 256.385 28.613 63.193 0.000
1805 264.242 28.961 62.973 0.000
1806 272.034 29.306 62.748 0.000
1807 279.827 29.651 62.514 0.000
1808 287.619 29.996 62.278 0.000
1809 295.411 30.340 62.032 0.000
1810 303.204 30.685 61.782 0.000
1811 310.996 31.030 61.525 0.000
1812 318.788 31.375 61.262 0.000
1813 326.581 31.713 60.995 0.000
1814 334.509 32.004 60.723 0.000
1815 342.439 32.234 60.450 0.000
1816 346.913 32.338 60.310 0.000
1817 351.388 32.422 60.170 0.000
2230 -149.558 -1.625 118.709 100.560
2231 -149.492 -1.275 120.709 102.730
2232 -149.425 -0.924 122.709 103.310
2233 -149.358 -0.574 124.709 104.070
2234 -149.292 -0.223 126.709 54.720
2235 -149.225 0.127 128.709 0.000
2236 -149.158 0.478 130.709 0.000
2237 -149.092 0.828 132.709 0.000
2238 -149.025 1.179 134.709 0.000
2239 -148.958 1.530 136.709 0.000
2240 -148.892 1.880 138.709 0.000
2330 -145.105 21.793 118.709 100.550
2331 -145.172 21.443 120.709 102.710
2332 -145.238 21.092 122.709 103.260
2333 -145.305 20.741 124.709 104.000
2334 -145.372 20.391 126.709 54.620
2335 -145.438 20.040 128.709 0.000
2336 -145.505 19.690 130.709 0.000
2337 -145.572 19.339 132.709 0.000
2338 -145.638 18.989 134.709 0.000
2339 -145.705 18.638 136.709 0.000
2340 -145.772 18.288 138.709 0.000
3241 216.201 0.226 130.341 102.280
3242 216.185 0.582 132.341 108.710
3243 216.169 0.939 134.341 109.290
3244 216.153 1.295 136.341 109.610
3245 216.137 1.652 138.341 109.960
3246 216.122 2.008 140.341 110.870
3247 216.106 2.365 142.341 58.510
3248 216.090 2.721 144.341 0.000
3249 216.074 3.078 146.341 0.000
3250 216.059 3.434 148.341 0.000
3251 216.043 3.790 150.341 0.000
3252 216.027 4.147 152.341 0.000
3253 216.011 4.503 154.341 0.000
3254 215.995 4.860 156.341 0.000
3255 215.980 5.216 158.341 0.000
3256 215.964 5.573 160.341 0.000
3257 215.948 5.929 162.341 0.000
3341 215.393 18.474 130.341 102.280
3342 215.409 18.117 132.341 108.710
3343 215.424 17.761 134.341 109.290
3344 215.440 17.404 136.341 109.610
3345 215.456 17.048 138.341 109.960
3346 215.472 16.691 140.341 110.880
3347 215.488 16.335 142.341 58.520
3348 215.503 15.978 144.341 0.000
3349 215.519 15.622 146.341 0.000
3350 215.535 15.266 148.341 0.000
3351 215.551 14.909 150.341 0.000
3352 215.566 14.553 152.341 0.000
3353 215.582 14.196 154.341 0.000
3354 215.598 13.840 156.341 0.000
3355 215.614 13.483 158.341 0.000
3356 215.630 13.127 160.341 0.000
3357 215.645 12.770 162.341 0.000
