1101 199828542.200508 354000.000000
1102 199661286.220997 354000.000000
1103 199435692.916554 354000.000000
1104 199152298.657688 354000.000000
1105 198811747.427531 354000.000000
1106 198414787.155890 354000.000000
1107 197962267.198357 354000.000000
1108 197455133.239928 354000.000000
1109 196894424.078663 354000.000000
1110 196443229.389815 354000.000000
1111 195963618.480691 354000.000000
1201 199843203.670410 354000.000000
1202 199690991.186417 354000.000000
1203 199485341.969735 354000.000000
1204 199226524.071661 354000.000000
1205 198914898.921854 354000.000000
1206 198550921.790434 354000.000000
1207 198135136.102896 354000.000000
1208 197668175.077862 354000.000000
1209 197150756.853607 354000.000000
1210 196732567.505688 354000.000000
1211 196287102.197457 354000.000000
1301 199828542.375678 354000.000000
1302 199547953.549377 354000.000000
1303 199129860.075969 354000.000000
1304 198576398.680425 354000.000000
1305 197890292.624641 354000.000000
1306 197074823.653695 354000.000000
1307 196133796.025327 354000.000000
1308 195074265.362035 354000.000000
1309 193900664.880032 354000.000000
1310 192620292.308643 354000.000000
1311 191240917.004266 354000.000000
1401 199843203.712672 354000.000000
1402 199588071.783296 354000.000000
1403 199207198.436038 354000.000000
1404 198701948.031032 354000.000000
1405 198074193.214618 354000.000000
1406 197326297.110053 354000.000000
1407 196461092.717996 354000.000000
1408 195479068.083844 354000.000000
1409 194383724.247097 354000.000000
1410 193176212.119366 354000.000000
1411 191857620.767310 354000.000000
1501 199818113.804071 354000.000000
1502 199548528.076794 354000.000000
1503 199149090.202593 354000.000000
1504 198618609.072455 354000.000000
1505 197960099.546208 354000.000000
1506 197176128.994936 354000.000000
1507 196269719.815651 354000.000000
1508 195244326.081312 354000.000000
1509 194103792.040205 354000.000000
1510 192852324.948222 354000.000000
1511 191494455.356599 354000.000000
1512 190034994.824101 354000.000000
1513 188479001.649078 354000.000000
1514 186831736.391258 354000.000000
1515 185095834.459880 354000.000000
1516 183272931.218852 354000.000000
1517 181369546.921065 354000.000000
1601 199818113.973807 354000.000000
1602 199549345.535122 354000.000000
1603 199149090.057438 354000.000000
1604 198618609.451314 354000.000000
1605 197960099.000501 354000.000000
1606 197176128.524277 354000.000000
1607 196269720.278057 354000.000000
1608 195244325.289718 354000.000000
1609 194103792.417863 354000.000000
1610 192852325.702051 354000.000000
1611 191494454.300626 354000.000000
1612 190034995.295963 354000.000000
1613 188479001.234451 354000.000000
1614 186831736.352653 354000.000000
1615 185101413.763820 354000.000000
1616 183297493.803073 354000.000000
1617 181424795.014605 354000.000000
1701 199818113.904358 354000.000000
1702 199657539.306999 354000.000000
1703 199441062.597196 354000.000000
1704 199169048.245379 354000.000000
1705 198844869.902714 354000.000000
1706 198463686.890519 354000.000000
1707 198028595.826631 354000.000000
1708 197540313.216334 354000.000000
1709 196999638.696865 354000.000000
1710 196407452.870056 354000.000000
1711 195764707.617553 354000.000000
1712 195072429.126409 354000.000000
1713 194331635.094343 354000.000000
1714 193556807.979593 354000.000000
1715 192736821.574826 354000.000000
1716 192252955.736073 354000.000000
1717 191755246.738269 354000.000000
1801 199818114.051060 354000.000000
1802 199657539.573595 354000.000000
1803 199441062.766452 354000.000000
1804 199169048.052014 354000.000000
1805 198839031.691117 354000.000000
1806 198456948.717956 354000.000000
1807 198020968.898331 354000.000000
1808 197531811.043581 354000.000000
1809 196990274.259131 354000.000000
1810 196397241.504973 354000.000000
1811 195753666.347293 354000.000000
1812 195060574.691937 354000.000000
1813 194319141.258950 354000.000000
1814 193517231.449387 354000.000000
1815 192668496.835721 354000.000000
1816 192167830.059373 354000.000000
1817 191652950.410884 354000.000000
