1101 1101 2230 0.003782 1101
1102 1102 2231 0.006432 1102
1103 1103 2232 0.008072 1103
1104 1104 2233 0.008931 1104
1105 1105 2234 0.009256 1105
1106 1106 2235 0.009278 1106
1107 1107 2236 0.009224 1107
1108 1108 2237 0.009314 1108
1109 1109 2238 0.009765 1109
1110 1110 2239 0.010458 1110
1111 1111 2240 0.011554 1111
1201 1201 2330 0.003782 1201
1202 1202 2331 0.006432 1202
1203 1203 2332 0.008072 1203
1204 1204 2333 0.008931 1204
1205 1205 2334 0.009256 1205
1206 1206 2335 0.009278 1206
1207 1207 2336 0.009224 1207
1208 1208 2337 0.009314 1208
1209 1209 2338 0.009765 1209
1210 1210 2339 0.010458 1210
1211 1211 2340 0.011554 1211
1301 1301 2230 0.003378 1301
1302 1302 2231 0.005300 1302
1303 1303 2232 0.006928 1303
1304 1304 2233 0.008290 1304
1305 1305 2234 0.009411 1305
1306 1306 2235 0.010318 1306
1307 1307 2236 0.011037 1307
1308 1308 2237 0.011600 1308
1309 1309 2238 0.012022 1309
1310 1310 2239 0.012332 1310
1311 1311 2240 0.012563 1311
1401 1401 2330 0.003378 1401
1402 1402 2331 0.005300 1402
1403 1403 2332 0.006928 1403
1404 1404 2333 0.008290 1404
1405 1405 2334 0.009411 1405
1406 1406 2335 0.010318 1406
1407 1407 2336 0.011037 1407
1408 1408 2337 0.011600 1408
1409 1409 2338 0.012022 1409
1410 1410 2339 0.012332 1410
1411 1411 2340 0.012563 1411
1501 1501 3241 0.005640 1501
1502 1502 3242 0.005428 1502
1503 1503 3243 0.005450 1503
1504 1504 3244 0.005680 1504
1505 1505 3245 0.006083 1505
1506 1506 3246 0.006635 1506
1507 1507 3247 0.007322 1507
1508 1508 3248 0.008094 1508
1509 1509 3249 0.008950 1509
1510 1510 3250 0.009835 1510
1511 1511 3251 0.010736 1511
1512 1512 3252 0.011641 1512
1513 1513 3253 0.012494 1513
1514 1514 3254 0.013283 1514
1515 1515 3255 0.013993 1515
1516 1516 3256 0.014581 1516
1517 1517 3257 0.015015 1517
1601 1601 3341 0.005640 1601
1602 1602 3342 0.005428 1602
1603 1603 3343 0.005450 1603
1604 1604 3344 0.005680 1604
1605 1605 3345 0.006083 1605
1606 1606 3346 0.006635 1606
1607 1607 3347 0.007322 1607
1608 1608 3348 0.008094 1608
1609 1609 3349 0.008950 1609
1610 1610 3350 0.009835 1610
1611 1611 3351 0.010736 1611
1612 1612 3352 0.011641 1612
1613 1613 3353 0.012494 1613
1614 1614 3354 0.013283 1614
1615 1615 3355 0.013993 1615
1616 1616 3356 0.014581 1616
1617 1617 3357 0.015015 1617
1701 1701 3241 0.003557 1701
1702 1702 3242 0.004115 1702
1703 1703 3243 0.004413 1703
1704 1704 3244 0.004526 1704
1705 1705 3245 0.004520 1705
1706 1706 3246 0.004457 1706
1707 1707 3247 0.004401 1707
1708 1708 3248 0.004421 1708
1709 1709 3249 0.004577 1709
1710 1710 3250 0.004943 1710
1711 1711 3251 0.005572 1711
1712 1712 3252 0.006531 1712
1713 1713 3253 0.007887 1713
1714 1714 3254 0.009702 1714
1715 1715 3255 0.012001 1715
1716 1716 3256 0.013560 1716
1717 1717 3257 0.015264 1717
1801 1801 3341 0.003557 1801
1802 1802 3342 0.004115 1802
1803 1803 3343 0.004413 1803
1804 1804 3344 0.004526 1804
1805 1805 3345 0.004520 1805
1806 1806 3346 0.004457 1806
1807 1807 3347 0.004401 1807
1808 1808 3348 0.004421 1808
1809 1809 3349 0.004577 1809
1810 1810 3350 0.004943 1810
1811 1811 3351 0.005572 1811
1812 1812 3352 0.006531 1812
1813 1813 3353 0.007887 1813
1814 1814 3354 0.009702 1814
1815 1815 3355 0.012001 1815
1816 1816 3356 0.013560 1816
1817 1817 3357 0.015264 1817
