1 -0.337805 -0.941216 0.000000
2 -0.330108 -0.943943 0.000000
3 -0.322545 -0.946554 0.000000
4 -0.317966 -0.948102 0.000000
5 -0.311796 -0.950149 0.000000
6 -0.305615 -0.952155 0.000000
7 -0.299420 -0.954121 0.000000
8 -0.293209 -0.956048 0.000000
9 -0.286991 -0.957933 0.000000
10 -0.280759 -0.959778 0.000000
11 -0.274523 -0.961581 0.000000
12 -0.274513 -0.961583 0.000000
13 -0.268256 -0.963348 0.000000
14 -0.261991 -0.965070 0.000000
15 -0.255711 -0.966753 0.000000
16 -0.249423 -0.968395 0.000000
17 -0.243120 -0.969996 0.000000
18 -0.236813 -0.971555 0.000000
19 -0.230495 -0.973074 0.000000
20 -0.224163 -0.974552 0.000000
21 -0.217821 -0.975989 0.000000
22 -0.208053 -0.978117 0.000000
23 -0.193358 -0.981128 0.000000
24 -0.180260 -0.983619 0.000000
25 -0.165486 -0.986212 0.000000
26 -0.155615 -0.987818 0.000000
27 -0.145730 -0.989324 0.000000
28 -0.135830 -0.990732 0.000000
29 -0.125915 -0.992041 0.000000
30 -0.115990 -0.993250 0.000000
31 -0.106050 -0.994361 0.000000
32 -0.096105 -0.995371 0.000000
33 -0.086143 -0.996283 0.000000
34 -0.076180 -0.997094 0.000000
35 -0.066202 -0.997806 0.000000
36 -0.056220 -0.998418 0.000000
37 -0.046224 -0.998931 0.000000
38 -0.036295 -0.999341 0.000000
39 -0.026813 -0.999640 0.000000
40 -0.017790 -0.999842 0.000000
41 -0.009558 -0.999954 0.000000
42 -0.001800 -0.999998 0.000000
43 0.005300 -0.999986 0.000000
44 0.011915 -0.999929 0.000000
45 0.017756 -0.999842 0.000000
46 0.023145 -0.999732 0.000000
47 0.026342 -0.999653 0.000000
48 0.030675 -0.999529 0.000000
49 0.033260 -0.999447 0.000000
50 0.036507 -0.999333 0.000000
51 0.039290 -0.999228 0.000000
52 0.041362 -0.999144 0.000000
53 0.042960 -0.999077 0.000000
54 0.043816 -0.999040 0.000000
55 0.044215 -0.999022 0.000000
56 0.044216 -0.999022 0.000000
57 0.044215 -0.999022 0.000000
58 0.044216 -0.999022 0.000000
59 0.044215 -0.999022 0.000000
60 0.044216 -0.999022 0.000000
61 0.044220 -0.999022 0.000000
62 0.044216 -0.999022 0.000000
63 0.044215 -0.999022 0.000000
64 0.044216 -0.999022 0.000000
65 0.044220 -0.999022 0.000000
66 0.044216 -0.999022 0.000000
67 0.044215 -0.999022 0.000000
68 0.044216 -0.999022 0.000000
69 0.044215 -0.999022 0.000000
70 0.044216 -0.999022 0.000000
71 0.044220 -0.999022 0.000000
72 0.044216 -0.999022 0.000000
73 0.044215 -0.999022 0.000000
74 0.044216 -0.999022 0.000000
75 0.044220 -0.999022 0.000000
76 0.044216 -0.999022 0.000000
77 0.044215 -0.999022 0.000000
78 0.044216 -0.999022 0.000000
79 0.044201 -0.999023 0.000000
80 0.044219 -0.999022 0.000000
81 0.044220 -0.999022 0.000000
82 0.044216 -0.999022 0.000000
83 0.044216 -0.999022 0.000000
84 0.044216 -0.999022 0.000000
85 0.044216 -0.999022 0.000000
86 0.044215 -0.999022 0.000000
87 0.044217 -0.999022 0.000000
88 0.044215 -0.999022 0.000000
89 0.044215 -0.999022 0.000000
90 0.044215 -0.999022 0.000000
91 0.044217 -0.999022 0.000000
92 0.044215 -0.999022 0.000000
93 0.044217 -0.999022 0.000000
94 0.043845 -0.999038 0.000000
95 0.044220 -0.999022 0.000000
96 0.044215 -0.999022 0.000000
97 0.044215 -0.999022 0.000000
98 0.044217 -0.999022 0.000000
99 0.044215 -0.999022 0.000000
100 0.044216 -0.999022 0.000000
101 0.044215 -0.999022 0.000000
102 0.044217 -0.999022 0.000000
103 0.044215 -0.999022 0.000000
104 0.044215 -0.999022 0.000000
105 0.044220 -0.999022 0.000000
106 0.044215 -0.999022 0.000000
107 0.044223 -0.999022 0.000000
108 0.044214 -0.999022 0.000000
109 0.044217 -0.999022 0.000000
110 0.044215 -0.999022 0.000000
111 0.043003 -0.999075 0.000000
112 0.039525 -0.999219 0.000000
113 0.035705 -0.999362 0.000000
114 0.031880 -0.999492 0.000000
115 0.028062 -0.999606 0.000000
116 0.023064 -0.999734 0.000000
117 0.018750 -0.999824 0.000000
118 0.015189 -0.999885 0.000000
