1 -239.808 35.470 67.231 258.740
2 -236.043 34.119 67.279 515.610
3 -230.568 32.204 67.341 425.160
4 -226.971 30.979 67.380 256.860
5 -225.075 30.343 67.399 345.440
6 -219.564 28.534 67.451 345.430
7 -217.660 27.923 67.467 345.430
8 -212.126 26.187 67.499 345.430
9 -210.214 25.600 67.525 345.430
10 -204.658 23.936 67.562 345.430
11 -202.739 23.374 67.574 92.490
12 -202.642 23.347 67.574 227.280
13 -197.161 21.782 67.603 301.730
14 -195.235 21.245 67.612 305.650
15 -189.637 19.726 67.633 305.650
16 -187.704 19.214 67.650 305.650
17 -182.087 17.768 67.654 305.650
18 -180.147 17.282 67.657 305.650
19 -174.512 15.908 67.664 254.660
20 -172.566 15.447 67.665 106.790
21 -166.914 14.147 67.664 106.790
22 -164.962 13.711 67.662 164.290
23 -155.181 11.631 67.642 246.440
24 -147.332 10.084 67.615 219.100
25 -139.463 8.642 67.614 246.530
26 -129.601 6.987 67.553 164.350
27 -127.625 6.676 67.540 164.350
28 -117.732 5.219 67.466 164.350
29 -115.750 4.947 67.451 164.350
30 -105.830 3.688 67.376 164.350
31 -103.844 3.456 67.361 164.350
32 -93.900 2.395 67.286 164.350
33 -91.909 2.203 67.271 164.350
34 -81.947 1.342 67.196 164.350
35 -79.953 1.189 67.181 164.350
36 -69.975 0.527 67.106 164.350
37 -67.978 0.415 67.091 164.350
38 -57.989 -0.047 67.016 164.350
39 -55.990 -0.120 67.001 164.350
40 -45.994 -0.388 66.926 164.350
41 -43.994 -0.424 66.911 164.350
42 -33.994 -0.519 66.836 164.350
43 -31.994 -0.523 66.821 164.350
44 -21.995 -0.470 66.746 164.350
45 -19.995 -0.446 66.731 164.360
46 -9.996 -0.269 66.656 164.360
47 -7.997 -0.222 66.641 109.570
48 -1.999 -0.064 66.611 164.360
49 3.998 0.120 66.551 109.570
50 5.997 0.186 66.536 164.360
51 15.990 0.551 66.461 164.360
52 17.989 0.630 66.446 164.360
53 27.980 1.044 66.371 164.360
54 29.978 1.130 66.356 164.360
55 39.969 1.568 66.281 164.360
56 41.967 1.656 66.266 164.360
57 51.957 2.098 66.191 164.360
58 53.955 2.187 66.176 164.360
59 63.945 2.629 66.094 164.360
60 65.943 2.717 66.078 164.360
61 75.934 3.160 65.985 164.360
62 77.932 3.248 65.966 164.360
63 87.922 3.690 65.862 164.360
64 89.920 3.779 65.840 164.360
65 99.910 4.221 65.724 164.360
66 101.908 4.309 65.700 164.360
67 111.898 4.751 65.573 164.360
68 113.896 4.840 65.545 164.370
69 123.887 5.282 65.407 164.370
70 125.885 5.370 65.377 164.370
71 135.875 5.812 65.226 164.370
72 137.873 5.901 65.194 164.370
73 147.863 6.343 65.030 164.370
74 149.861 6.432 64.997 164.380
75 159.851 6.874 64.819 164.380
76 161.850 6.962 64.784 164.380
77 171.840 7.404 64.595 164.380
78 173.838 7.493 64.557 164.380
79 183.828 7.935 64.356 164.330
80 185.822 8.023 64.316 164.390
81 195.816 8.465 64.104 164.440
82 197.814 8.554 64.060 164.390
83 207.805 8.996 63.837 246.590
84 215.797 9.350 63.616 219.160
85 223.789 9.704 63.422 246.520
86 233.779 10.146 63.174 164.350
87 235.777 10.234 63.122 106.830
88 241.571 10.491 62.971 106.830
89 243.570 10.579 62.919 106.830
90 249.364 10.835 62.764 106.830
91 251.362 10.924 62.709 254.760
92 257.156 11.180 62.550 305.770
93 259.154 11.269 62.495 304.900
94 264.926 11.524 62.330 227.370
95 264.949 11.525 62.329 79.280
96 266.947 11.614 62.271 305.780
97 272.741 11.870 62.104 305.780
98 274.739 11.959 62.046 305.790
99 280.533 12.215 61.871 305.790
100 282.531 12.303 61.810 305.790
101 288.326 12.560 61.634 305.790
102 290.324 12.648 61.571 305.800
103 296.118 12.905 61.388 305.800
104 298.116 12.993 61.325 305.810
105 303.910 13.250 61.138 305.810
106 305.909 13.338 61.072 305.820
107 311.703 13.595 60.881 235.240
108 311.903 13.603 60.875 78.410
109 313.701 13.683 60.816 297.990
110 319.495 13.939 60.619 305.830
111 321.493 14.028 60.550 365.010
112 327.288 14.277 60.351 385.420
113 329.286 14.356 60.282 385.430
114 335.083 14.563 60.079 385.430
115 337.082 14.627 60.009 385.430
116 342.879 14.790 59.806 504.000
117 347.278 14.891 59.666 434.800
118 351.677 14.974 59.526 402.700
119 354.539 15.017 59.398 185.300
