9201 -149.657 -2.147 63.885 0.000
9202 -149.657 -2.147 63.885 0.000
9203 -145.006 22.315 63.885 0.000
9204 -145.006 22.315 63.885 0.000
9301 216.347 -3.092 59.765 0.000
9302 216.347 -3.092 59.765 0.000
9303 215.246 21.788 59.765 0.000
9304 215.246 21.788 59.765 0.000
9401 -243.553 23.766 64.023 0.000
9402 -235.063 47.174 64.023 0.000
9501 -206.214 11.419 64.536 0.000
9502 -199.263 35.329 64.536 0.000
9601 265.453 -0.915 59.292 0.000
9602 264.444 23.965 59.292 0.000
9701 312.207 1.155 57.844 0.000
9702 311.199 26.034 57.844 0.000
9801 354.711 2.569 56.361 0.000
9802 354.367 27.466 56.361 0.000
11101 -243.553 23.766 44.500 765.080
11102 -243.553 23.766 43.000 0.000
11201 -235.063 47.174 44.500 765.080
11202 -235.063 47.174 43.000 0.000
12101 -206.214 11.419 43.750 397.690
12102 -206.214 11.419 42.500 0.000
12201 -199.263 35.329 43.750 397.690
12202 -199.263 35.329 42.500 0.000
13101 -147.051 11.557 42.000 0.000
13102 -147.051 11.557 39.500 8160.150
13103 -147.051 11.557 37.000 0.000
14101 215.797 9.350 46.500 8048.130
14102 215.797 9.350 44.000 0.000
15101 265.453 -0.915 51.750 397.690
15102 265.453 -0.915 50.500 0.000
15201 264.444 23.965 51.750 397.690
15202 264.444 23.965 50.500 0.000
16101 312.207 1.155 51.750 397.690
16102 312.207 1.155 50.500 0.000
16201 311.199 26.034 51.750 397.690
16202 311.199 26.034 50.500 0.000
17101 354.711 2.569 52.500 765.080
17102 354.711 2.569 51.000 0.000
17201 354.367 27.466 52.500 765.080
17202 354.367 27.466 51.000 0.000
41001 -243.553 23.766 43.000 0.000
41002 -235.063 47.174 43.000 0.000
42001 -206.214 11.419 42.500 0.000
42002 -199.263 35.329 42.500 0.000
43001 -147.051 11.557 37.000 0.000
44001 215.797 9.350 44.000 0.000
45001 265.453 -0.915 50.500 0.000
45002 264.444 23.965 50.500 0.000
46001 312.207 1.155 50.500 0.000
46002 311.199 26.034 50.500 0.000
47001 354.711 2.569 51.000 0.000
47002 354.367 27.466 51.000 0.000
