2401 -147.332 10.084 42.000 333.630
2402 -147.332 10.084 44.189 674.960
2403 -147.332 10.084 46.377 690.360
2404 -147.332 10.084 48.566 705.760
2405 -147.332 10.084 50.754 721.160
2406 -147.332 10.084 52.943 736.570
2407 -147.332 10.084 55.131 751.970
2408 -147.332 10.084 57.320 767.370
2409 -147.332 10.084 59.508 782.780
2410 -147.332 10.084 61.697 798.180
2411 -147.332 10.084 63.885 402.940
2201 -151.385 -11.234 63.885 24.090
2202 -151.353 -11.065 64.847 72.270
2203 -151.289 -10.728 66.771 96.360
2204 -151.225 -10.391 68.695 96.360
2205 -151.161 -10.054 70.618 96.360
2206 -151.097 -9.717 72.542 96.360
2207 -151.033 -9.379 74.465 96.360
2208 -150.969 -9.042 76.389 96.360
2209 -150.905 -8.705 78.313 96.360
2210 -150.840 -8.368 80.236 96.360
2211 -150.776 -8.031 82.160 96.360
2212 -150.712 -7.694 84.084 96.360
2213 -150.648 -7.357 86.007 96.360
2214 -150.584 -7.019 87.931 96.360
2215 -150.520 -6.682 89.855 96.360
2216 -150.456 -6.345 91.778 96.360
2217 -150.392 -6.008 93.702 96.360
2218 -150.328 -5.671 95.625 96.360
2219 -150.263 -5.334 97.549 96.360
2220 -150.199 -4.997 99.473 96.360
2221 -150.135 -4.659 101.396 96.360
2222 -150.071 -4.322 103.320 96.360
2223 -150.007 -3.985 105.244 96.360
2224 -149.943 -3.648 107.167 96.360
2225 -149.879 -3.311 109.091 96.360
2226 -149.815 -2.974 111.015 96.360
2227 -149.751 -2.637 112.938 96.360
2228 -149.686 -2.299 114.862 96.360
2229 -149.622 -1.962 116.785 96.360
2301 -143.278 31.402 63.885 24.090
2302 -143.310 31.233 64.847 72.270
2303 -143.374 30.896 66.771 96.360
2304 -143.438 30.559 68.695 96.360
2305 -143.502 30.222 70.618 96.360
2306 -143.566 29.884 72.542 96.360
2307 -143.630 29.547 74.465 96.360
2308 -143.695 29.210 76.389 96.360
2309 -143.759 28.873 78.313 96.360
2310 -143.823 28.536 80.236 96.360
2311 -143.887 28.199 82.160 96.360
2312 -143.951 27.862 84.084 96.360
2313 -144.015 27.524 86.007 96.360
2314 -144.079 27.187 87.931 96.360
2315 -144.143 26.850 89.855 96.360
2316 -144.207 26.513 91.778 96.360
2317 -144.272 26.176 93.702 96.360
2318 -144.336 25.839 95.625 96.360
2319 -144.400 25.502 97.549 96.360
2320 -144.464 25.164 99.473 96.360
2321 -144.528 24.827 101.396 96.360
2322 -144.592 24.490 103.320 96.360
2323 -144.656 24.153 105.244 96.360
2324 -144.720 23.816 107.167 96.360
2325 -144.784 23.479 109.091 96.360
2326 -144.849 23.142 111.015 96.360
2327 -144.913 22.804 112.938 96.360
2328 -144.977 22.467 114.862 96.360
2329 -145.041 22.130 116.785 96.360
2101 -147.332 10.084 126.709 202.370
2102 -147.332 10.084 128.709 401.320
2103 -147.332 10.084 130.709 394.490
2104 -147.332 10.084 132.709 387.670
2105 -147.332 10.084 134.709 380.840
2106 -147.332 10.084 136.709 374.010
2107 -147.332 10.084 138.709 666.470
2108 -147.332 10.084 144.000 481.170
3401 215.797 9.350 49.000 490.870
3402 215.797 9.350 51.153 978.500
3403 215.797 9.350 53.306 972.830
3404 215.797 9.350 55.459 968.810
3405 215.797 9.350 57.612 966.450
3406 215.797 9.350 59.765 482.840
3201 216.757 -12.353 59.765 46.570
3202 216.743 -12.038 61.529 93.130
3203 216.729 -11.724 63.294 93.130
3204 216.716 -11.409 65.058 93.130
3205 216.702 -11.095 66.822 93.130
3206 216.688 -10.780 68.587 93.130
3207 216.674 -10.466 70.351 93.130
3208 216.660 -10.152 72.116 93.130
3209 216.646 -9.837 73.880 93.130
3210 216.632 -9.523 75.644 93.130
3211 216.618 -9.208 77.409 93.130
3212 216.604 -8.894 79.173 93.130
3213 216.590 -8.579 80.938 93.130
3214 216.576 -8.265 82.702 93.130
3215 216.562 -7.950 84.466 93.130
3216 216.548 -7.636 86.231 93.130
3217 216.535 -7.321 87.995 93.130
3218 216.521 -7.007 89.760 93.130
3219 216.507 -6.692 91.524 93.130
3220 216.493 -6.378 93.288 93.130
3221 216.479 -6.063 95.053 93.130
3222 216.465 -5.749 96.817 93.130
3223 216.451 -5.435 98.582 93.130
3224 216.437 -5.120 100.346 93.130
3225 216.423 -4.806 102.110 93.130
3226 216.409 -4.491 103.875 93.130
3227 216.395 -4.177 105.639 93.130
3228 216.381 -3.862 107.404 93.130
3229 216.368 -3.548 109.168 93.130
3230 216.354 -3.233 110.932 93.130
3231 216.340 -2.919 112.697 93.130
3232 216.326 -2.604 114.461 93.130
3233 216.312 -2.290 116.226 93.130
3234 216.298 -1.975 117.990 93.130
3235 216.284 -1.661 119.754 93.130
3236 216.270 -1.346 121.519 93.130
3237 216.256 -1.032 123.283 93.130
3238 216.242 -0.718 125.048 93.130
3239 216.228 -0.403 126.812 93.130
3240 216.214 -0.089 128.577 93.130
3301 214.836 31.052 59.765 46.570
3302 214.850 30.738 61.529 93.130
3303 214.864 30.423 63.294 93.130
3304 214.878 30.109 65.058 93.130
3305 214.892 29.795 66.822 93.130
3306 214.906 29.480 68.587 93.130
3307 214.920 29.166 70.351 93.130
3308 214.934 28.851 72.116 93.130
3309 214.948 28.537 73.880 93.130
3310 214.961 28.222 75.644 93.130
3311 214.975 27.908 77.409 93.130
3312 214.989 27.593 79.173 93.130
3313 215.003 27.279 80.938 93.130
3314 215.017 26.964 82.702 93.130
3315 215.031 26.650 84.466 93.130
3316 215.045 26.335 86.231 93.130
3317 215.059 26.021 87.995 93.130
3318 215.073 25.706 89.760 93.130
3319 215.087 25.392 91.524 93.130
3320 215.101 25.078 93.288 93.130
3321 215.115 24.763 95.053 93.130
3322 215.128 24.449 96.817 93.130
3323 215.142 24.134 98.582 93.130
3324 215.156 23.820 100.346 93.130
3325 215.170 23.505 102.110 93.130
3326 215.184 23.191 103.875 93.130
3327 215.198 22.876 105.639 93.130
3328 215.212 22.562 107.404 93.130
3329 215.226 22.247 109.168 93.130
3330 215.240 21.933 110.932 93.130
3331 215.254 21.618 112.697 93.130
3332 215.268 21.304 114.461 93.130
3333 215.282 20.989 116.226 93.130
3334 215.295 20.675 117.990 93.130
3335 215.309 20.360 119.754 93.130
3336 215.323 20.046 121.519 93.130
3337 215.337 19.732 123.283 93.130
3338 215.351 19.417 125.048 93.130
3339 215.365 19.103 126.812 93.130
3340 215.379 18.788 128.577 93.130
3101 215.797 9.350 142.341 152.740
3102 215.797 9.350 144.341 302.650
3103 215.797 9.350 146.341 296.990
3104 215.797 9.350 148.341 291.320
3105 215.797 9.350 150.341 285.660
3106 215.797 9.350 152.341 279.990
3107 215.797 9.350 154.341 274.330
3108 215.797 9.350 156.341 268.670
3109 215.797 9.350 158.341 263.000
3110 215.797 9.350 160.341 257.340
3111 215.797 9.350 162.341 448.210
3112 215.797 9.350 167.500 320.950
4201 -243.553 23.766 46.000 41.810
4202 -243.553 23.766 49.004 83.620
4203 -243.553 23.766 52.008 83.620
4204 -243.553 23.766 55.011 83.620
4205 -243.553 23.766 58.015 83.620
4206 -243.553 23.766 61.019 83.620
4207 -243.553 23.766 64.023 63.270
4301 -235.063 47.174 46.000 41.810
4302 -235.063 47.174 49.004 83.620
4303 -235.063 47.174 52.008 83.620
4304 -235.063 47.174 55.011 83.620
4305 -235.063 47.174 58.015 83.620
4306 -235.063 47.174 61.019 83.620
4307 -235.063 47.174 64.023 63.270
5201 -206.214 11.419 45.000 45.320
5202 -206.214 11.419 48.256 90.640
5203 -206.214 11.419 51.512 90.640
5204 -206.214 11.419 54.768 90.640
5205 -206.214 11.419 58.024 90.640
5206 -206.214 11.419 61.280 90.640
5207 -206.214 11.419 64.536 45.320
5301 -199.263 35.329 45.000 45.320
5302 -199.263 35.329 48.256 90.640
5303 -199.263 35.329 51.512 90.640
5304 -199.263 35.329 54.768 90.640
5305 -199.263 35.329 58.024 90.640
5306 -199.263 35.329 61.280 90.640
5307 -199.263 35.329 64.536 45.320
6201 265.453 -0.915 53.000 31.280
6202 265.453 -0.915 56.146 62.560
6203 265.453 -0.915 59.292 31.280
6301 264.444 23.965 53.000 31.280
6302 264.444 23.965 56.146 62.560
6303 264.444 23.965 59.292 31.280
7201 312.207 1.155 53.000 24.080
7202 312.207 1.155 55.422 48.160
7203 312.207 1.155 57.844 24.080
7301 311.199 26.034 53.000 24.080
7302 311.199 26.034 55.422 48.160
7303 311.199 26.034 57.844 24.080
8201 354.711 2.569 54.000 32.860
8202 354.711 2.569 56.361 54.310
8301 354.367 27.466 54.000 32.860
8302 354.367 27.466 56.361 54.310
