2401 -0.982398 0.186798 0.000000
2402 -0.982398 0.186798 0.000000
2403 -0.982398 0.186798 0.000000
2404 -0.982398 0.186798 0.000000
2405 -0.982398 0.186798 0.000000
2406 -0.982398 0.186798 0.000000
2407 -0.982398 0.186798 0.000000
2408 -0.982398 0.186798 0.000000
2409 -0.982398 0.186798 0.000000
2410 -0.982398 0.186798 0.000000
2201 -0.982398 0.186798 0.000000
2202 -0.982398 0.186798 0.000000
2203 -0.982398 0.186798 0.000000
2204 -0.982398 0.186798 0.000000
2205 -0.982398 0.186798 0.000000
2206 -0.982398 0.186798 0.000000
2207 -0.982398 0.186798 0.000000
2208 -0.982398 0.186798 0.000000
2209 -0.982398 0.186798 0.000000
2210 -0.982398 0.186798 0.000000
2211 -0.982398 0.186798 0.000000
2212 -0.982398 0.186798 0.000000
2213 -0.982398 0.186798 0.000000
2214 -0.982398 0.186798 0.000000
2215 -0.982398 0.186798 0.000000
2216 -0.982398 0.186798 0.000000
2217 -0.982398 0.186798 0.000000
2218 -0.982398 0.186798 0.000000
2219 -0.982398 0.186798 0.000000
2220 -0.982398 0.186798 0.000000
2221 -0.982398 0.186798 0.000000
2222 -0.982398 0.186798 0.000000
2223 -0.982398 0.186798 0.000000
2224 -0.982398 0.186798 0.000000
2225 -0.982398 0.186798 0.000000
2226 -0.982398 0.186798 0.000000
2227 -0.982398 0.186798 0.000000
2228 -0.982398 0.186798 0.000000
2229 -0.982398 0.186798 0.000000
2230 -0.982398 0.186798 0.000000
2231 -0.982398 0.186798 0.000000
2232 -0.982398 0.186798 0.000000
2233 -0.982398 0.186798 0.000000
2301 -0.982398 0.186798 0.000000
2302 -0.982398 0.186798 0.000000
2303 -0.982398 0.186798 0.000000
2304 -0.982398 0.186798 0.000000
2305 -0.982398 0.186798 0.000000
2306 -0.982398 0.186798 0.000000
2307 -0.982398 0.186798 0.000000
2308 -0.982398 0.186798 0.000000
2309 -0.982398 0.186798 0.000000
2310 -0.982398 0.186798 0.000000
2311 -0.982398 0.186798 0.000000
2312 -0.982398 0.186798 0.000000
2313 -0.982398 0.186798 0.000000
2314 -0.982398 0.186798 0.000000
2315 -0.982398 0.186798 0.000000
2316 -0.982398 0.186798 0.000000
2317 -0.982398 0.186798 0.000000
2318 -0.982398 0.186798 0.000000
2319 -0.982398 0.186798 0.000000
2320 -0.982398 0.186798 0.000000
2321 -0.982398 0.186798 0.000000
2322 -0.982398 0.186798 0.000000
2323 -0.982398 0.186798 0.000000
2324 -0.982398 0.186798 0.000000
2325 -0.982398 0.186798 0.000000
2326 -0.982398 0.186798 0.000000
2327 -0.982398 0.186798 0.000000
2328 -0.982398 0.186798 0.000000
2329 -0.982398 0.186798 0.000000
2330 -0.982398 0.186798 0.000000
2331 -0.982398 0.186798 0.000000
2332 -0.982398 0.186798 0.000000
2333 -0.982398 0.186798 0.000000
2101 -0.982398 0.186798 0.000000
2102 -0.982398 0.186798 0.000000
2103 -0.982398 0.186798 0.000000
2104 -0.982398 0.186798 0.000000
2105 -0.982398 0.186798 0.000000
2106 -0.982398 0.186798 0.000000
2107 -0.982398 0.186798 0.000000
3401 -0.999022 -0.044214 0.000000
3402 -0.999022 -0.044214 0.000000
3403 -0.999022 -0.044214 0.000000
3404 -0.999022 -0.044214 0.000000
3405 -0.999022 -0.044214 0.000000
3201 -0.999022 -0.044214 0.000000
3202 -0.999022 -0.044214 0.000000
3203 -0.999022 -0.044214 0.000000
3204 -0.999022 -0.044214 0.000000
3205 -0.999022 -0.044214 0.000000
3206 -0.999022 -0.044214 0.000000
3207 -0.999022 -0.044214 0.000000
3208 -0.999022 -0.044214 0.000000
3209 -0.999022 -0.044214 0.000000
3210 -0.999022 -0.044214 0.000000
3211 -0.999022 -0.044214 0.000000
3212 -0.999022 -0.044214 0.000000
3213 -0.999022 -0.044214 0.000000
3214 -0.999022 -0.044214 0.000000
3215 -0.999022 -0.044214 0.000000
3216 -0.999022 -0.044214 0.000000
3217 -0.999022 -0.044214 0.000000
3218 -0.999022 -0.044214 0.000000
3219 -0.999022 -0.044214 0.000000
3220 -0.999022 -0.044214 0.000000
3221 -0.999022 -0.044214 0.000000
3222 -0.999022 -0.044214 0.000000
3223 -0.999022 -0.044214 0.000000
3224 -0.999022 -0.044214 0.000000
3225 -0.999022 -0.044214 0.000000
3226 -0.999022 -0.044214 0.000000
3227 -0.999022 -0.044214 0.000000
3228 -0.999022 -0.044214 0.000000
3229 -0.999022 -0.044214 0.000000
3230 -0.999022 -0.044214 0.000000
3231 -0.999022 -0.044214 0.000000
3232 -0.999022 -0.044214 0.000000
3233 -0.999022 -0.044214 0.000000
3234 -0.999022 -0.044214 0.000000
3235 -0.999022 -0.044214 0.000000
3236 -0.999022 -0.044214 0.000000
3237 -0.999022 -0.044214 0.000000
3238 -0.999022 -0.044214 0.000000
3239 -0.999022 -0.044214 0.000000
3240 -0.999022 -0.044214 0.000000
3241 -0.999022 -0.044214 0.000000
3242 -0.999022 -0.044214 0.000000
3243 -0.999022 -0.044214 0.000000
3244 -0.999022 -0.044214 0.000000
3245 -0.999022 -0.044214 0.000000
3246 -0.999022 -0.044214 0.000000
3301 -0.999022 -0.044214 0.000000
3302 -0.999022 -0.044214 0.000000
3303 -0.999022 -0.044214 0.000000
3304 -0.999022 -0.044214 0.000000
3305 -0.999022 -0.044214 0.000000
3306 -0.999022 -0.044214 0.000000
3307 -0.999022 -0.044214 0.000000
3308 -0.999022 -0.044214 0.000000
3309 -0.999022 -0.044214 0.000000
3310 -0.999022 -0.044214 0.000000
3311 -0.999022 -0.044214 0.000000
3312 -0.999022 -0.044214 0.000000
3313 -0.999022 -0.044214 0.000000
3314 -0.999022 -0.044214 0.000000
3315 -0.999022 -0.044214 0.000000
3316 -0.999022 -0.044214 0.000000
3317 -0.999022 -0.044214 0.000000
3318 -0.999022 -0.044214 0.000000
3319 -0.999022 -0.044214 0.000000
3320 -0.999022 -0.044214 0.000000
3321 -0.999022 -0.044214 0.000000
3322 -0.999022 -0.044214 0.000000
3323 -0.999022 -0.044214 0.000000
3324 -0.999022 -0.044214 0.000000
3325 -0.999022 -0.044214 0.000000
3326 -0.999022 -0.044214 0.000000
3327 -0.999022 -0.044214 0.000000
3328 -0.999022 -0.044214 0.000000
3329 -0.999022 -0.044214 0.000000
3330 -0.999022 -0.044214 0.000000
3331 -0.999022 -0.044214 0.000000
3332 -0.999022 -0.044214 0.000000
3333 -0.999022 -0.044214 0.000000
3334 -0.999022 -0.044214 0.000000
3335 -0.999022 -0.044214 0.000000
3336 -0.999022 -0.044214 0.000000
3337 -0.999022 -0.044214 0.000000
3338 -0.999022 -0.044214 0.000000
3339 -0.999022 -0.044214 0.000000
3340 -0.999022 -0.044214 0.000000
3341 -0.999022 -0.044214 0.000000
3342 -0.999022 -0.044214 0.000000
3343 -0.999022 -0.044214 0.000000
3344 -0.999022 -0.044214 0.000000
3345 -0.999022 -0.044214 0.000000
3346 -0.999022 -0.044214 0.000000
3101 -0.999022 -0.044214 0.000000
3102 -0.999022 -0.044214 0.000000
3103 -0.999022 -0.044214 0.000000
3104 -0.999022 -0.044214 0.000000
3105 -0.999022 -0.044214 0.000000
3106 -0.999022 -0.044214 0.000000
3107 -0.999022 -0.044214 0.000000
3108 -0.999022 -0.044214 0.000000
3109 -0.999022 -0.044214 0.000000
3110 -0.999022 -0.044214 0.000000
3111 -0.999022 -0.044214 0.000000
4201 -0.940077 0.340963 0.000000
4202 -0.940077 0.340963 0.000000
4203 -0.940077 0.340963 0.000000
4204 -0.940077 0.340963 0.000000
4205 -0.940077 0.340963 0.000000
4206 -0.940077 0.340963 0.000000
4301 -0.940077 0.340963 0.000000
4302 -0.940077 0.340963 0.000000
4303 -0.940077 0.340963 0.000000
4304 -0.940077 0.340963 0.000000
4305 -0.940077 0.340963 0.000000
4306 -0.940077 0.340963 0.000000
5201 -0.960245 0.279158 0.000000
5202 -0.960245 0.279158 0.000000
5203 -0.960245 0.279158 0.000000
5204 -0.960245 0.279158 0.000000
5205 -0.960245 0.279158 0.000000
5206 -0.960245 0.279158 0.000000
5301 -0.960245 0.279158 0.000000
5302 -0.960245 0.279158 0.000000
5303 -0.960245 0.279158 0.000000
5304 -0.960245 0.279158 0.000000
5305 -0.960245 0.279158 0.000000
5306 -0.960245 0.279158 0.000000
6201 -0.999179 -0.040521 0.000000
6202 -0.999179 -0.040521 0.000000
6301 -0.999179 -0.040521 0.000000
6302 -0.999179 -0.040521 0.000000
7201 -0.999180 -0.040483 0.000000
7202 -0.999180 -0.040483 0.000000
7301 -0.999180 -0.040483 0.000000
7302 -0.999180 -0.040483 0.000000
8201 -0.999905 -0.013816 0.000000
8301 -0.999905 -0.013816 0.000000
