2401	-147.332	10.084	42	333.63
2402	-147.332	10.084	44.189	674.96
2403	-147.332	10.084	46.377	690.36
2404	-147.332	10.084	48.566	705.76
2405	-147.332	10.084	50.754	721.16
2406	-147.332	10.084	52.943	736.57
2407	-147.332	10.084	55.131	751.97
2408	-147.332	10.084	57.32	767.37
2409	-147.332	10.084	59.508	782.78
2410	-147.332	10.084	61.697	798.18
2411	-147.332	10.084	63.885	402.94
2201	-151.385	-11.234	63.885	24.09
2202	-151.353	-11.065	64.847	72.27
2203	-151.289	-10.728	66.771	96.36
2204	-151.225	-10.391	68.695	96.36
2205	-151.161	-10.054	70.618	96.36
2206	-151.097	-9.717	72.542	96.36
2207	-151.033	-9.379	74.465	96.36
2208	-150.969	-9.042	76.389	96.36
2209	-150.905	-8.705	78.313	96.36
2210	-150.84	-8.368	80.236	96.36
2211	-150.776	-8.031	82.16	96.36
2212	-150.712	-7.694	84.084	96.36
2213	-150.648	-7.357	86.007	96.36
2214	-150.584	-7.019	87.931	96.36
2215	-150.52	-6.682	89.855	96.36
2216	-150.456	-6.345	91.778	96.36
2217	-150.392	-6.008	93.702	96.36
2218	-150.328	-5.671	95.625	96.36
2219	-150.263	-5.334	97.549	96.36
2220	-150.199	-4.997	99.473	96.36
2221	-150.135	-4.659	101.396	96.36
2222	-150.071	-4.322	103.32	96.36
2223	-150.007	-3.985	105.244	96.36
2224	-149.943	-3.648	107.167	96.36
2225	-149.879	-3.311	109.091	96.36
2226	-149.815	-2.974	111.015	96.36
2227	-149.751	-2.637	112.938	96.36
2228	-149.686	-2.299	114.862	96.36
2229	-149.622	-1.962	116.785	96.36
2301	-143.278	31.402	63.885	24.09
2302	-143.31	31.233	64.847	72.27
2303	-143.374	30.896	66.771	96.36
2304	-143.438	30.559	68.695	96.36
2305	-143.502	30.222	70.618	96.36
2306	-143.566	29.884	72.542	96.36
2307	-143.63	29.547	74.465	96.36
2308	-143.695	29.21	76.389	96.36
2309	-143.759	28.873	78.313	96.36
2310	-143.823	28.536	80.236	96.36
2311	-143.887	28.199	82.16	96.36
2312	-143.951	27.862	84.084	96.36
2313	-144.015	27.524	86.007	96.36
2314	-144.079	27.187	87.931	96.36
2315	-144.143	26.85	89.855	96.36
2316	-144.207	26.513	91.778	96.36
2317	-144.272	26.176	93.702	96.36
2318	-144.336	25.839	95.625	96.36
2319	-144.4	25.502	97.549	96.36
2320	-144.464	25.164	99.473	96.36
2321	-144.528	24.827	101.396	96.36
2322	-144.592	24.49	103.32	96.36
2323	-144.656	24.153	105.244	96.36
2324	-144.72	23.816	107.167	96.36
2325	-144.784	23.479	109.091	96.36
2326	-144.849	23.142	111.015	96.36
2327	-144.913	22.804	112.938	96.36
2328	-144.977	22.467	114.862	96.36
2329	-145.041	22.13	116.785	96.36
2101	-147.332	10.084	126.709	202.37
2102	-147.332	10.084	128.709	401.32
2103	-147.332	10.084	130.709	394.49
2104	-147.332	10.084	132.709	387.67
2105	-147.332	10.084	134.709	380.84
2106	-147.332	10.084	136.709	374.01
2107	-147.332	10.084	138.709	666.47
2108	-147.332	10.084	144	481.17
3401	215.797	9.35	49	490.87
3402	215.797	9.35	51.153	978.5
3403	215.797	9.35	53.306	972.83
3404	215.797	9.35	55.459	968.81
3405	215.797	9.35	57.612	966.45
3406	215.797	9.35	59.765	482.84
3201	216.757	-12.353	59.765	46.57
3202	216.743	-12.038	61.529	93.13
3203	216.729	-11.724	63.294	93.13
3204	216.716	-11.409	65.058	93.13
3205	216.702	-11.095	66.822	93.13
3206	216.688	-10.78	68.587	93.13
3207	216.674	-10.466	70.351	93.13
3208	216.66	-10.152	72.116	93.13
3209	216.646	-9.837	73.88	93.13
3210	216.632	-9.523	75.644	93.13
3211	216.618	-9.208	77.409	93.13
3212	216.604	-8.894	79.173	93.13
3213	216.59	-8.579	80.938	93.13
3214	216.576	-8.265	82.702	93.13
3215	216.562	-7.95	84.466	93.13
3216	216.548	-7.636	86.231	93.13
3217	216.535	-7.321	87.995	93.13
3218	216.521	-7.007	89.76	93.13
3219	216.507	-6.692	91.524	93.13
3220	216.493	-6.378	93.288	93.13
3221	216.479	-6.063	95.053	93.13
3222	216.465	-5.749	96.817	93.13
3223	216.451	-5.435	98.582	93.13
3224	216.437	-5.12	100.346	93.13
3225	216.423	-4.806	102.11	93.13
3226	216.409	-4.491	103.875	93.13
3227	216.395	-4.177	105.639	93.13
3228	216.381	-3.862	107.404	93.13
3229	216.368	-3.548	109.168	93.13
3230	216.354	-3.233	110.932	93.13
3231	216.34	-2.919	112.697	93.13
3232	216.326	-2.604	114.461	93.13
3233	216.312	-2.29	116.226	93.13
3234	216.298	-1.975	117.99	93.13
3235	216.284	-1.661	119.754	93.13
3236	216.27	-1.346	121.519	93.13
3237	216.256	-1.032	123.283	93.13
3238	216.242	-0.718	125.048	93.13
3239	216.228	-0.403	126.812	93.13
3240	216.214	-0.089	128.577	93.13
3301	214.836	31.052	59.765	46.57
3302	214.85	30.738	61.529	93.13
3303	214.864	30.423	63.294	93.13
3304	214.878	30.109	65.058	93.13
3305	214.892	29.795	66.822	93.13
3306	214.906	29.48	68.587	93.13
3307	214.92	29.166	70.351	93.13
3308	214.934	28.851	72.116	93.13
3309	214.948	28.537	73.88	93.13
3310	214.961	28.222	75.644	93.13
3311	214.975	27.908	77.409	93.13
3312	214.989	27.593	79.173	93.13
3313	215.003	27.279	80.938	93.13
3314	215.017	26.964	82.702	93.13
3315	215.031	26.65	84.466	93.13
3316	215.045	26.335	86.231	93.13
3317	215.059	26.021	87.995	93.13
3318	215.073	25.706	89.76	93.13
3319	215.087	25.392	91.524	93.13
3320	215.101	25.078	93.288	93.13
3321	215.115	24.763	95.053	93.13
3322	215.128	24.449	96.817	93.13
3323	215.142	24.134	98.582	93.13
3324	215.156	23.82	100.346	93.13
3325	215.17	23.505	102.11	93.13
3326	215.184	23.191	103.875	93.13
3327	215.198	22.876	105.639	93.13
3328	215.212	22.562	107.404	93.13
3329	215.226	22.247	109.168	93.13
3330	215.24	21.933	110.932	93.13
3331	215.254	21.618	112.697	93.13
3332	215.268	21.304	114.461	93.13
3333	215.282	20.989	116.226	93.13
3334	215.295	20.675	117.99	93.13
3335	215.309	20.36	119.754	93.13
3336	215.323	20.046	121.519	93.13
3337	215.337	19.732	123.283	93.13
3338	215.351	19.417	125.048	93.13
3339	215.365	19.103	126.812	93.13
3340	215.379	18.788	128.577	93.13
3101	215.797	9.35	142.341	152.74
3102	215.797	9.35	144.341	302.65
3103	215.797	9.35	146.341	296.99
3104	215.797	9.35	148.341	291.32
3105	215.797	9.35	150.341	285.66
3106	215.797	9.35	152.341	279.99
3107	215.797	9.35	154.341	274.33
3108	215.797	9.35	156.341	268.67
3109	215.797	9.35	158.341	263
3110	215.797	9.35	160.341	257.34
3111	215.797	9.35	162.341	448.21
3112	215.797	9.35	167.5	320.95
4201	-243.5527	23.76624	46	41.81
4202	-243.5527	23.76624	49.00383	83.62
4203	-243.5527	23.76624	52.00765	83.62
4204	-243.5527	23.76624	55.01148	83.62
4205	-243.5527	23.76624	58.0153	83.62
4206	-243.5527	23.76624	61.01913	83.62
4207	-243.5527	23.76624	64.02295	63.27
4301	-235.06328	47.17435	46	41.81
4302	-235.06328	47.17435	49.00383	83.62
4303	-235.06328	47.17435	52.00765	83.62
4304	-235.06328	47.17435	55.01148	83.62
4305	-235.06328	47.17435	58.0153	83.62
4306	-235.06328	47.17435	61.01913	83.62
4307	-235.06328	47.17435	64.02295	63.27
5201	-206.21402	11.41906	45	45.32
5202	-206.21402	11.41906	48.25608	90.64
5203	-206.21402	11.41906	51.51215	90.64
5204	-206.21402	11.41906	54.76823	90.64
5205	-206.21402	11.41906	58.02431	90.64
5206	-206.21402	11.41906	61.28038	90.64
5207	-206.21402	11.41906	64.53646	45.32
5301	-199.26299	35.32917	45	45.32
5302	-199.26299	35.32917	48.25608	90.64
5303	-199.26299	35.32917	51.51215	90.64
5304	-199.26299	35.32917	54.76823	90.64
5305	-199.26299	35.32917	58.02431	90.64
5306	-199.26299	35.32917	61.28038	90.64
5307	-199.26299	35.32917	64.53646	45.32
6201	265.4529	-0.91456	53	31.28
6202	265.4529	-0.91456	56.14593	62.56
6203	265.4529	-0.91456	59.29186	31.28
6301	264.44432	23.96501	53	31.28
6302	264.44432	23.96501	56.14593	62.56
6303	264.44432	23.96501	59.29186	31.28
7201	312.2071	1.1548	53	24.08
7202	312.2071	1.1548	55.4221	48.16
7203	312.2071	1.1548	57.8442	24.08
7301	311.1986	26.0343	53	24.08
7302	311.1986	26.0343	55.4221	48.16
7303	311.1986	26.0343	57.8442	24.08
8201	354.71069	2.56858	54	32.86
8202	354.71069	2.56858	56.36064	54.31
8301	354.36736	27.46621	54	32.86
8302	354.36736	27.46621	56.36064	54.31
